function [pos,mcolor] = getposcolor()
%define the basic position matrix and color matrix

pos = [    22    43
    46    32
    10    18
    14    26
    8    21
    7     4
    44    12
    29     7
    28    10
    8    12
    ];

mcolor = [
    0.5181    0.2548    0.9160
    0.9436    0.2240    0.0012
    0.6377    0.6678    0.4624
    0.9577    0.8444    0.4243
    0.2407    0.3445    0.4609
    0.6761    0.7805    0.7702
    0.2891    0.6753    0.3225
    0.6718    0.0067    0.7847
    0.6951    0.6022    0.4714
    0.0680    0.3868    0.0358
    ];
end

